Samples4Survey FeSe
1350.08 600084.08
1349.08 593821.2
1348.08 593212.21
1347.08 582138.05
1346.08 580017.24
1345.08 579497.83
1344.08 578036.45
1343.08 580580.25
1342.08 575934.22
1341.08 566078.54
1340.08 572642.72
1339.08 570381.44
1338.08 554209.73
1337.08 552225.54
1336.08 557351.36
1335.08 559712.44
1334.08 555004.19
1333.08 548951.12
1332.08 554890.33
1331.08 548014.31
1330.08 544193.18
1329.08 542005.46
1328.08 541893.2
1327.08 540375.12
1326.08 535828.66
1325.08 549928.6
1324.08 541088.04
1323.08 539047.7
1322.08 534622.25
1321.08 538950.47
1320.08 539329.31
1319.08 533100.9
1318.08 529587.91
1317.08 540046.71
1316.08 526335.81
1315.08 528412.21
1314.08 526112.88
1313.08 525913.73
1312.08 520256.32
1311.08 514138.66
1310.08 518581.47
1309.08 515381.69
1308.08 514403.96
1307.08 510297.07
1306.08 515635.91
1305.08 520685.33
1304.08 527849.91
1303.08 517219.69
1302.08 518072.65
1301.08 516996.16
1300.08 511234.31
1299.08 505964.91
1298.08 510729.52
1297.08 503602.26
1296.08 498972.17
1295.08 500690.58
1294.08 503362.05
1293.08 506195.86
1292.08 498588.93
1291.08 506160.9
1290.08 504212.08
1289.08 500317.32
1288.08 500300.13
1287.08 498423.8
1286.08 505795.37
1285.08 507215.75
1284.08 502480.68
1283.08 494682.03
1282.08 503505.94
1281.08 503899.18
1280.08 506474.79
1279.08 497689.74
1278.08 496445.21
1277.08 499520.03
1276.08 507098.87
1275.08 496647.34
1274.08 502534.08
1273.08 495856.52
1272.08 497947.64
1271.08 501278.22
1270.08 498682.35
1269.08 501795.6
1268.08 506294.53
1267.08 500805.63
1266.08 505930.86
1265.08 498450.91
1264.08 504881.68
1263.08 499588.19
1262.08 504614.14
1261.08 504051.65
1260.08 496634.3
1259.08 503151.25
1258.08 501739.34
1257.08 504975.97
1256.08 501697.98
1255.08 504360.56
1254.08 506117.88
1253.08 502352.65
1252.08 504917.31
1251.08 502136.99
1250.08 504143.11
1249.08 510464.49
1248.08 513934.55
1247.08 509999.26
1246.08 509530.91
1245.08 513484.02
1244.08 516000.29
1243.08 518132.68
1242.08 515393.02
1241.08 516299.24
1240.08 517251.54
1239.08 519474.8
1238.08 521779.38
1237.08 524000.63
1236.08 522595.2
1235.08 519196.63
1234.08 520586.32
1233.08 525905.49
1232.08 518807.13
1231.08 526976.86
1230.08 528741.92
1229.08 534127.99
1228.08 538227.29
1227.08 537162.83
1226.08 531279.86
1225.08 540040.66
1224.08 532577.2
1223.08 535012.42
1222.08 536418.62
1221.08 528127.3
1220.08 533075.87
1219.08 520566.88
1218.08 523180.58
1217.08 521367.49
1216.08 521876.95
1215.08 523005.98
1214.08 516373.6
1213.08 512400.26
1212.08 505573.44
1211.08 514606.23
1210.08 511094.09
1209.08 505707.61
1208.08 514890.74
1207.08 508499.86
1206.08 506191.33
1205.08 507246.25
1204.08 507725.54
1203.08 513664.78
1202.08 509595.87
1201.08 514422.13
1200.08 514277.85
1199.08 515373.68
1198.08 514148.87
1197.08 517811.94
1196.08 519676.77
1195.08 520827.71
1194.08 517499.59
1193.08 520651.88
1192.08 514819.59
1191.08 520037.99
1190.08 518800.07
1189.08 515574.66
1188.08 513894.56
1187.08 518176.16
1186.08 519665.41
1185.08 517682.51
1184.08 519091.88
1183.08 522230.49
1182.08 521438.85
1181.08 522316.02
1180.08 520976.74
1179.08 523758.14
1178.08 528501.64
1177.08 521889.76
1176.08 520958.7
1175.08 529144.2
1174.08 525513.46
1173.08 532106.9
1172.08 529530.32
1171.08 526307.91
1170.08 532369.28
1169.08 525819.06
1168.08 530147.55
1167.08 531219.75
1166.08 527134.5
1165.08 534088.28
1164.08 533298.67
1163.08 534969.54
1162.08 530419.81
1161.08 536155.94
1160.08 536759.26
1159.08 535351.64
1158.08 535883.91
1157.08 538211.86
1156.08 537847.81
1155.08 544108.41
1154.08 542255.13
1153.08 545239.95
1152.08 546513.54
1151.08 543725.35
1150.08 546894.99
1149.08 546631.85
1148.08 547259.77
1147.08 544711.75
1146.08 542111.56
1145.08 545933.05
1144.08 547913.29
1143.08 549243.44
1142.08 541552.13
1141.08 546779.26
1140.08 551841.15
1139.08 550683.77
1138.08 552315.86
1137.08 560221.99
1136.08 551493.5
1135.08 559613.21
1134.08 563274.35
1133.08 560701.32
1132.08 561600.1
1131.08 554807.63
1130.08 561175.92
1129.08 562788.79
1128.08 557969.95
1127.08 557488.08
1126.08 561522.68
1125.08 559925.72
1124.08 563209.26
1123.08 555388.75
1122.08 557406.94
1121.08 560026.93
1120.08 561356.82
1119.08 565247.55
1118.08 560985.22
1117.08 559721.26
1116.08 565737.11
1115.08 562999.41
1114.08 566022.64
1113.08 567757.14
1112.08 570519.02
1111.08 568063.13
1110.08 573851.89
1109.08 579820.18
1108.08 591581.56
1107.08 591013.25
1106.08 597326.35
1105.08 596750.11
1104.08 590515.8
1103.08 590680.11
1102.08 588384.42
1101.08 582255.91
1100.08 572458.14
1099.08 564257.48
1098.08 558164.14
1097.08 548367.03
1096.08 540443.77
1095.08 547790.77
1094.08 547778.19
1093.08 534836.1
1092.08 541487.82
1091.08 544534.67
1090.08 540530.61
1089.08 542962.04
1088.08 545779.37
1087.08 541171.89
1086.08 539239.17
1085.08 543301.41
1084.08 542438.66
1083.08 546957.2
1082.08 539480.14
1081.08 539521.26
1080.08 536933.71
1079.08 542521.32
1078.08 543843.43
1077.08 554940.66
1076.08 552242.72
1075.08 563992.03
1074.08 567672.13
1073.08 575588.22
1072.08 571880.02
1071.08 574173.56
1070.08 566934.21
1069.08 562112.7
1068.08 560430.99
1067.08 558768.86
1066.08 556028.2
1065.08 557159.48
1064.08 556255.66
1063.08 549146.05
1062.08 552748.89
1061.08 552765.88
1060.08 553922.66
1059.08 549665.19
1058.08 549100.2
1057.08 551723.87
1056.08 552598.81
1055.08 553197.73
1054.08 556652.85
1053.08 557079.8
1052.08 562855.86
1051.08 564676.75
1050.08 556470.29
1049.08 559606.81
1048.08 567045.01
1047.08 570322.51
1046.08 561907.38
1045.08 567690.53
1044.08 573352.85
1043.08 571029.51
1042.08 566971.02
1041.08 568004.45
1040.08 571471.07
1039.08 572599.21
1038.08 578602.36
1037.08 574914.33
1036.08 581897.05
1035.08 579603.34
1034.08 578935.34
1033.08 578783.93
1032.08 576764.32
1031.08 578565.99
1030.08 586348.46
1029.08 591143.49
1028.08 584457.57
1027.08 594629.13
1026.08 597080.36
1025.08 597814.11
1024.08 593184.63
1023.08 595387.6
1022.08 595054.56
1021.08 599529.17
1020.08 599477.34
1019.08 595802.26
1018.08 598796.78
1017.08 605442.9
1016.08 602451.77
1015.08 609486.54
1014.08 606002.9
1013.08 613753.26
1012.08 610712.43
1011.08 622488.13
1010.08 618904.75
1009.08 623177.51
1008.08 624788.41
1007.08 627245.28
1006.08 618579.45
1005.08 630531.58
1004.08 628481.53
1003.08 625536.23
1002.08 628407.09
1001.08 630871.1
1000.08 631265.25
999.08 637996.84
998.08 639823.34
997.08 644313.07
996.08 658066.89
995.08 669387.94
994.08 666121.17
993.08 663379.42
992.08 650572.6
991.08 630918.46
990.08 631847.99
989.08 631593.18
988.08 629230.91
987.08 625383.92
986.08 625633.47
985.08 617803.01
984.08 620584.46
983.08 623803.34
982.08 622155.59
981.08 637269.12
980.08 649879.13
979.08 664105.74
978.08 691124.46
977.08 721989.55
976.08 763631.56
975.08 796577.26
974.08 823535.11
973.08 791766.33
972.08 720810.73
971.08 678497.64
970.08 649711.83
969.08 630275.87
968.08 614392.09
967.08 607748.08
966.08 585328.7
965.08 576798.75
964.08 566121.18
963.08 559789.95
962.08 557179.74
961.08 549461.08
960.08 544729.79
959.08 549016.04
958.08 547784.4
957.08 553172.53
956.08 554897.52
955.08 555983.47
954.08 559113.43
953.08 557829.11
952.08 565314.32
951.08 557823.97
950.08 568638.9
949.08 565862.75
948.08 572821.16
947.08 564873.12
946.08 563682.3
945.08 572409.4
944.08 572404.22
943.08 573174.62
942.08 577566.51
941.08 578022.83
940.08 583017.17
939.08 580131.77
938.08 588018.01
937.08 590004.78
936.08 579939.8
935.08 586575.38
934.08 585747.07
933.08 583507.81
932.08 590241.63
931.08 593127.47
930.08 595591.38
929.08 588713.2
928.08 597550.32
927.08 597017.69
926.08 602206.09
925.08 605779.75
924.08 601600.34
923.08 602880.6
922.08 604250.77
921.08 600819.64
920.08 600482.67
919.08 599401.67
918.08 597840.83
917.08 607902.72
916.08 607843.12
915.08 605830.34
914.08 608939.14
913.08 616505.5
912.08 611065.61
911.08 618191.6
910.08 621712.29
909.08 627111.95
908.08 626688.68
907.08 628415.44
906.08 629244.11
905.08 631032.25
904.08 634630.65
903.08 640532.61
902.08 635218.24
901.08 634169.99
900.08 638728.41
899.08 640454.05
898.08 646034.56
897.08 644146.22
896.08 648522.62
895.08 646748.46
894.08 643619.79
893.08 641790.07
892.08 641646.95
891.08 647981.51
890.08 643960.35
889.08 640225.25
888.08 631800.81
887.08 614438.04
886.08 615762.95
885.08 607319.42
884.08 602506.48
883.08 598650.44
882.08 600962.57
881.08 599817.96
880.08 599834.12
879.08 604412.38
878.08 605903.79
877.08 604382.84
876.08 603379.41
875.08 606647.74
874.08 605334.1
873.08 604988.7
872.08 599906.28
871.08 609884.34
870.08 607700.65
869.08 606191.16
868.08 606352.1
867.08 612190.59
866.08 607709.76
865.08 616034.27
864.08 620349.5
863.08 610789.89
862.08 617741.45
861.08 624313.43
860.08 620109.45
859.08 631165.79
858.08 622328.09
857.08 630307.72
856.08 632962.16
855.08 640572.7
854.08 644854.87
853.08 648970.16
852.08 646985.98
851.08 657182.36
850.08 644126.22
849.08 662620.46
848.08 658314.08
847.08 661832.24
846.08 659790.29
845.08 661159.8
844.08 657505.82
843.08 658083.94
842.08 659222.71
841.08 653374.3
840.08 653245.99
839.08 649111.7
838.08 638967.29
837.08 640054.51
836.08 636511.19
835.08 634505.65
834.08 619003.89
833.08 601678.35
832.08 594446.63
831.08 592208.77
830.08 584743.76
829.08 582688.75
828.08 577860.37
827.08 579186.52
826.08 580421.08
825.08 578735.07
824.08 577889.53
823.08 590354.49
822.08 580628.54
821.08 578174.25
820.08 578407.65
819.08 573333.66
818.08 575778.93
817.08 573909.87
816.08 574936.2
815.08 578852.9
814.08 584050.88
813.08 581554.94
812.08 585298.82
811.08 587882.79
810.08 586428.06
809.08 591210.07
808.08 588116.19
807.08 588030.01
806.08 592201.88
805.08 589107.03
804.08 595680.34
803.08 598398.53
802.08 592416.94
801.08 594447.9
800.08 598350.6
799.08 600338.49
798.08 595229.28
797.08 605474.22
796.08 616260.36
795.08 610979.43
794.08 609339.67
793.08 613948.17
792.08 622201.17
791.08 622807.96
790.08 630988.74
789.08 638028.77
788.08 639230.9
787.08 651009.77
786.08 653419.19
785.08 652831.87
784.08 653156.45
783.08 651351.94
782.08 637978.47
781.08 631685.39
780.08 632161.56
779.08 625828.78
778.08 619102.82
777.08 613852.9
776.08 617886.86
775.08 606051.91
774.08 616733.45
773.08 615232.07
772.08 618734.59
771.08 614852.07
770.08 621764.35
769.08 618983.8
768.08 613977.62
767.08 622926.52
766.08 610834.95
765.08 612808.58
764.08 617851.11
763.08 615868.99
762.08 612509.95
761.08 620372.18
760.08 612758.38
759.08 616848.48
758.08 627393.72
757.08 632504.19
756.08 622409.66
755.08 626737.17
754.08 632238.13
753.08 628311.03
752.08 637605.83
751.08 640550.88
750.08 639735.81
749.08 639156.14
748.08 636532.11
747.08 643861.19
746.08 646782.98
745.08 650315.77
744.08 657159.83
743.08 659166.68
742.08 668432.04
741.08 660490.51
740.08 653810.99
739.08 661545.89
738.08 661674.4
737.08 665589.6
736.08 674038.05
735.08 677245.59
734.08 684770.82
733.08 684168.85
732.08 689927.83
731.08 694842.83
730.08 700437.92
729.08 705889.68
728.08 714097.08
727.08 726748.51
726.08 747862.83
725.08 761226
724.08 755252.05
723.08 737064.32
722.08 712078.12
721.08 699731.16
720.08 700802.12
719.08 695591.1
718.08 686465.84
717.08 689662.63
716.08 689325.4
715.08 688003.85
714.08 704199.61
713.08 729821.15
712.08 768251.84
711.08 786539.75
710.08 761593.75
709.08 685778.91
708.08 609509.55
707.08 591149.44
706.08 569669.03
705.08 557176.95
704.08 553331.48
703.08 550699.43
702.08 547803.05
701.08 552256.21
700.08 551710.28
699.08 554539.38
698.08 557484.34
697.08 560695.38
696.08 554482.85
695.08 559726.35
694.08 559015.14
693.08 558186.69
692.08 559847
691.08 556315.59
690.08 561978.93
689.08 563259.55
688.08 562782.15
687.08 566833.66
686.08 563658.76
685.08 565479.09
684.08 567790.43
683.08 562002.57
682.08 566577.73
681.08 569274.37
680.08 572489.25
679.08 573692.47
678.08 573874.23
677.08 567984.32
676.08 571726.05
675.08 577356.79
674.08 579334.84
673.08 581873.37
672.08 580630.04
671.08 579868.74
670.08 581540.39
669.08 579694.88
668.08 576966.48
667.08 585225.58
666.08 582937.5
665.08 584667.32
664.08 580502.98
663.08 581206.9
662.08 592125.27
661.08 586244.24
660.08 594861.64
659.08 591118.61
658.08 589978.42
657.08 596043.77
656.08 591959.23
655.08 591034.9
654.08 598934.52
653.08 592783.05
652.08 590649.64
651.08 602656.59
650.08 607809.39
649.08 599778.52
648.08 602415.46
647.08 599815.32
646.08 603531.44
645.08 606773.34
644.08 602716
643.08 604863.86
642.08 601664.52
641.08 608707.89
640.08 611745.81
639.08 607362.57
638.08 612749.59
637.08 610722.16
636.08 609466.54
635.08 614931.15
634.08 619463.72
633.08 618454.92
632.08 618585.79
631.08 619295.6
630.08 625223.12
629.08 618177.99
628.08 626391.1
627.08 629331.07
626.08 624824.76
625.08 627635.94
624.08 626296.03
623.08 622690.12
622.08 626026.85
621.08 632248.42
620.08 633869.54
619.08 632742.25
618.08 634408.56
617.08 636321.21
616.08 636974.21
615.08 636465.91
614.08 636018.48
613.08 633796.46
612.08 642927.79
611.08 643982.23
610.08 638743.85
609.08 643177.61
608.08 645586.55
607.08 644935.42
606.08 648608.66
605.08 651159.64
604.08 650152.09
603.08 654832.61
602.08 648166.11
601.08 650351.12
600.08 650994.21
599.08 648610.94
598.08 659914.24
597.08 660531.5
596.08 661085.43
595.08 662757.96
594.08 664689.18
593.08 663176.54
592.08 670920.07
591.08 656647.71
590.08 669061.63
589.08 670358.74
588.08 670136.1
587.08 667628.6
586.08 664299
585.08 668283.78
584.08 670247.94
583.08 679762.7
582.08 681990.32
581.08 679899.74
580.08 684567.21
579.08 696088.05
578.08 686917.94
577.08 698009.2
576.08 693886.49
575.08 681497.02
574.08 678240.78
573.08 679784.23
572.08 680108.88
571.08 678152.7
570.08 679997.21
569.08 687009.7
568.08 696618.35
567.08 705853.06
566.08 722687.18
565.08 737872.4
564.08 738589.82
563.08 728341.65
562.08 710569.78
561.08 701988.27
560.08 702394.96
559.08 691770.35
558.08 679020.68
557.08 673985.23
556.08 677263.73
555.08 673623.06
554.08 676444.93
553.08 671506.39
552.08 660278.63
551.08 664445.75
550.08 675453.78
549.08 681022.4
548.08 672410.14
547.08 666530.05
546.08 654414.32
545.08 657782.52
544.08 663243.62
543.08 663489.57
542.08 663215.93
541.08 646752.07
540.08 629824.03
539.08 614719.81
538.08 617126.83
537.08 615961.22
536.08 627670.07
535.08 627565.76
534.08 640214.98
533.08 696916.09
532.08 837324.05
531.08 1068899.98
530.08 1383516.33
529.08 1525200.46
528.08 1000224.17
527.08 627624.14
526.08 567657.92
525.08 558359.02
524.08 548474.71
523.08 546722.61
522.08 541931.86
521.08 541926.6
520.08 544002.93
519.08 539963.52
518.08 539879.08
517.08 540615.05
516.08 541863.13
515.08 547092.28
514.08 545456.2
513.08 549682.29
512.08 544194.22
511.08 550719.02
510.08 549699.26
509.08 551630.8
508.08 552834.68
507.08 553469.43
506.08 550008.35
505.08 558074.46
504.08 559015.57
503.08 554700.58
502.08 559328.66
501.08 559615.75
500.08 555249.4
499.08 556225.27
498.08 554754.36
497.08 560916.92
496.08 561265.06
495.08 565171.96
494.08 566756.56
493.08 573178.68
492.08 571362.89
491.08 573183.8
490.08 571953.18
489.08 577663.85
488.08 577241.93
487.08 577477.18
486.08 573217.42
485.08 570870.44
484.08 578689.47
483.08 571507.8
482.08 567292.38
481.08 573644.74
480.08 578158.07
479.08 591122.26
478.08 595738.96
477.08 597058.39
476.08 585842.77
475.08 583222.66
474.08 588816.8
473.08 603863.12
472.08 618457.97
471.08 609468.78
470.08 588991.35
469.08 568601.51
468.08 551096.93
467.08 547220.53
466.08 575835.54
465.08 630013.63
464.08 707042.3
463.08 689355.26
462.08 607649.42
461.08 564036.54
460.08 585777.92
459.08 745275.38
458.08 957634.85
457.08 772123.41
456.08 542753.51
455.08 504437.55
454.08 495774.66
453.08 492313.15
452.08 483462.03
451.08 484271.75
450.08 482400.1
449.08 478374.25
448.08 476898.78
447.08 483486.05
446.08 486643.44
445.08 479138.61
444.08 480853.75
443.08 489347.82
442.08 491196.18
441.08 481196.01
440.08 489312.46
439.08 492750.08
438.08 494846.81
437.08 499562.2
436.08 494551.34
435.08 503588.76
434.08 500688.76
433.08 492481.01
432.08 497984.62
431.08 500653.76
430.08 495104.81
429.08 500258.69
428.08 503309.09
427.08 505153.37
426.08 499822.47
425.08 497894.16
424.08 506834.86
423.08 507657.86
422.08 504864.84
421.08 507958.21
420.08 508043.52
419.08 507739.04
418.08 509815.13
417.08 514511.03
416.08 515274.57
415.08 514314.17
414.08 514375.92
413.08 512710.47
412.08 516950.16
411.08 516261.49
410.08 520802.32
409.08 519441.1
408.08 521050.96
407.08 525747.66
406.08 527389.37
405.08 534535.68
404.08 531342.01
403.08 533609.91
402.08 535176.05
401.08 534645.36
400.08 541469.03
399.08 543898.32
398.08 535264.14
397.08 534973.44
396.08 523371.99
395.08 532683.65
394.08 531038.57
393.08 530122.8
392.08 536118.83
391.08 537470.67
390.08 542017.83
389.08 538879.73
388.08 533374.96
387.08 523735.42
386.08 516209.6
385.08 510620.99
384.08 502358.52
383.08 498846.41
382.08 501318.15
381.08 499168.5
380.08 501493.96
379.08 505212.08
378.08 503379.66
377.08 504955.69
376.08 504973.43
375.08 500473.13
374.08 500789.35
373.08 506670.91
372.08 510232.55
371.08 515250.84
370.08 505157.43
369.08 508362.71
368.08 513942.6
367.08 507746.64
366.08 516740.86
365.08 523188.01
364.08 517271.49
363.08 518734.97
362.08 527951.03
361.08 535814.33
360.08 544967.91
359.08 567619.21
358.08 583570.25
357.08 595005.07
356.08 588758.89
355.08 571285.43
354.08 551037.83
353.08 537595.31
352.08 531252.65
351.08 525655.13
350.08 518990.21
349.08 511633.67
348.08 516645.95
347.08 515530.29
346.08 509158.96
345.08 501007.01
344.08 499170.61
343.08 502127.97
342.08 500429.99
341.08 501392.69
340.08 503851.86
339.08 505037.75
338.08 504077.7
337.08 505684.62
336.08 506792.12
335.08 503748.32
334.08 508742.27
333.08 508495.07
332.08 517602.81
331.08 514511.56
330.08 518308.3
329.08 518526.86
328.08 515533.78
327.08 523749.81
326.08 519904.01
325.08 522953.66
324.08 523267.74
323.08 524278.98
322.08 536364.25
321.08 538652.16
320.08 539960.29
319.08 536409.44
318.08 537704.45
317.08 547331.18
316.08 542550.36
315.08 544070.28
314.08 548419.99
313.08 547677.45
312.08 549571.62
311.08 545613.19
310.08 547939.9
309.08 543798.65
308.08 550245.01
307.08 552196.4
306.08 548931.26
305.08 547182.75
304.08 550711.86
303.08 551367.34
302.08 559142.4
301.08 563138.17
300.08 573572.89
299.08 579760.99
298.08 590379.93
297.08 597255.68
296.08 595985.32
295.08 576497.34
294.08 550509.72
293.08 534034.35
292.08 528766.1
291.08 524795.54
290.08 527162.74
289.08 542342.8
288.08 548137.12
287.08 561500.08
286.08 599988.88
285.08 647949.38
284.08 654018.97
283.08 580780.79
282.08 541340.74
281.08 543733.74
280.08 599170.13
279.08 671625.77
278.08 656859.05
277.08 542570.06
276.08 486958.41
275.08 460795.41
274.08 445540.89
273.08 452570.14
272.08 451974.16
271.08 486663.55
270.08 587786.66
269.08 742461.45
268.08 804740.82
267.08 662193.75
266.08 511398.9
265.08 447785.56
264.08 419611.89
263.08 404166.74
262.08 408177.05
261.08 400979.5
260.08 404293.37
259.08 409093.46
258.08 415987.68
257.08 426917.32
256.08 430239.48
255.08 437549.59
254.08 433112.84
253.08 415301.79
252.08 409515.9
251.08 395450
250.08 394608.4
249.08 395913.03
248.08 396681.01
247.08 400362.4
246.08 396679.71
245.08 396635.89
244.08 393872.42
243.08 390886.54
242.08 390382.36
241.08 385628.07
240.08 382235.22
239.08 389005.04
238.08 383849.83
237.08 385900.89
236.08 392783.08
235.08 389749.49
234.08 394018.8
233.08 395196.34
232.08 405811.96
231.08 416507.8
230.08 431343.31
229.08 425405.06
228.08 417656.7
227.08 401492.53
226.08 396446.1
225.08 392284.27
224.08 391554.26
223.08 397135.46
222.08 404334.27
221.08 398215.55
220.08 402247.63
219.08 403849.22
218.08 398789.55
217.08 403938.12
216.08 402873.49
215.08 404742.65
214.08 403047.07
213.08 398453.47
212.08 404104.33
211.08 401072.57
210.08 399517.46
209.08 408663.22
208.08 407835.01
207.08 414737.32
206.08 415517.11
205.08 419087.7
204.08 420265.9
203.08 429609.21
202.08 428838.63
201.08 436455.12
200.08 447202.43
199.08 444332.72
198.08 444156.87
197.08 446080.7
196.08 439470.6
195.08 438576.85
194.08 430905.67
193.08 423795.2
192.08 419600.79
191.08 414387.52
190.08 411909.81
189.08 411562.6
188.08 416131.49
187.08 423281.66
186.08 431991.59
185.08 444874.45
184.08 451484.47
183.08 475180.06
182.08 503867.91
181.08 556442.25
180.08 614495.07
179.08 649294.66
178.08 623055.8
177.08 536756.6
176.08 473758.55
175.08 444443.85
174.08 417029.79
173.08 391050.93
172.08 344350.26
171.08 323497.61
170.08 309776.53
169.08 311307.93
168.08 324170.78
167.08 340007.48
166.08 346032.43
165.08 341221.48
164.08 333473.9
163.08 334593.72
162.08 358803.94
161.08 378826.56
160.08 361073.8
159.08 318155.24
158.08 283137.15
157.08 264345.73
156.08 249036.05
155.08 244791.19
154.08 243104.8
153.08 241142.05
152.08 232736.9
151.08 233158.89
150.08 227680.57
149.08 230756.38
148.08 229626.68
147.08 234048.74
146.08 231440.57
145.08 231353.66
144.08 228123.4
143.08 223196.52
142.08 217832.19
141.08 231175.8
140.08 258184.64
139.08 299237.1
138.08 320841.57
137.08 306684.19
136.08 309958.2
135.08 473429.24
134.08 682169.38
133.08 745537.44
132.08 653266.87
131.08 271574.35
130.08 138226.46
129.08 119045.18
128.08 117211.41
127.08 113539.27
126.08 112223.67
125.08 106782.74
124.08 105045.13
123.08 107557.18
122.08 106297.44
121.08 109218.01
120.08 106524.91
119.08 112377.63
118.08 111937.2
117.08 114191.67
116.08 118883.31
115.08 119617.94
114.08 119228.54
113.08 116558.54
112.08 115080.52
111.08 113187.44
110.08 110853.96
109.08 111855.43
108.08 109914.87
107.08 108046.89
106.08 108884.23
105.08 108463.69
104.08 110526.25
103.08 112655.98
102.08 118668.81
101.08 122316.81
100.08 120517.79
99.08 118490.15
98.08 114756.35
97.08 114522.24
96.08 117282.22
95.08 117349.58
94.08 125276.78
93.08 123452.29
92.08 119320.45
91.08 115333.01
90.08 115115.43
89.08 110870.43
88.08 109339.39
87.08 110086.49
86.08 107066.31
85.08 111071.98
84.08 111299.64
83.08 111784.94
82.08 110131.02
81.08 112869.76
80.08 114754.67
79.08 115266.71
78.08 117641.96
77.08 118456.26
76.08 120938.85
75.08 123368.33
74.08 122425.53
73.08 120607.97
72.08 117057.92
71.08 116105.37
70.08 111873.49
69.08 108860
68.08 108039.45
67.08 107513.81
66.08 108696.26
65.08 107481.01
64.08 107282.97
63.08 115884.93
62.08 126233.88
61.08 129854.92
60.08 119501.86
59.08 115070.48
58.08 119254.2
57.08 135244.61
56.08 184286.19
55.08 227448.86
54.08 191807.08
53.08 127482.43
52.08 88619.32
51.08 78216.84
50.08 73879.66
49.08 71096.63
48.08 66854.44
47.08 59975.5
46.08 55110.9
45.08 52742.01
44.08 54943.96
43.08 54039.22
42.08 55437.92
41.08 53008.68
40.08 57444.65
39.08 66512.4
38.08 96128.57
37.08 141982.71
36.08 140064.02
35.08 85956.08
34.08 52087.6
33.08 44629.56
32.08 38636.13
31.08 37434.43
30.08 35612.96
29.08 35649.09
28.08 33951.57
27.08 33394.27
26.08 35872.85
25.08 41876.97
24.08 42589.94
23.08 51890.54
22.08 63739.72
21.08 82170.38
20.08 106835.4
19.08 144175.07
18.08 133682.72
17.08 68987.42
16.08 31521.27
15.08 21765.6
14.08 19770.76
13.08 18562.54
12.08 17629.29
11.08 16185.16
10.08 14648.54
9.08 15526.52
8.08 17065.7
7.08 26735.4
6.08 37483.51
5.08 39362.54
4.08 33602.21
3.08 28746.21
2.08 19939.45
1.08 11649.07
0.08 5051.58
-0.92 1963.65
-1.92 986.24
-2.92 515.99
-3.92 713.02
-4.92 479.31