Samples4Survey FeSe_0706
1350.08 613124
1349.08 605811.71
1348.08 604535.25
1347.08 602010.39
1346.08 608672.99
1345.08 591268.49
1344.08 585273.53
1343.08 584556.27
1342.08 591968.39
1341.08 590251.61
1340.08 582979.36
1339.08 582397.17
1338.08 572757.14
1337.08 578415.74
1336.08 574364.39
1335.08 572953.06
1334.08 572170.01
1333.08 561339.5
1332.08 573921.19
1331.08 565657.56
1330.08 559994.65
1329.08 569356.86
1328.08 561531.01
1327.08 541442.62
1326.08 547009
1325.08 548612.7
1324.08 551401.3
1323.08 549659.12
1322.08 548629.67
1321.08 547186.09
1320.08 538165.85
1319.08 550383.52
1318.08 533347.27
1317.08 540532.62
1316.08 537511.98
1315.08 541109.96
1314.08 530026.67
1313.08 527417.03
1312.08 533227.52
1311.08 525558.39
1310.08 522083.32
1309.08 525570.23
1308.08 526312.57
1307.08 517943.8
1306.08 536789.98
1305.08 549146.09
1304.08 573583.64
1303.08 572611.1
1302.08 526379.57
1301.08 530257.78
1300.08 521434.42
1299.08 511756.8
1298.08 511760.3
1297.08 511495.87
1296.08 510329.3
1295.08 512224.43
1294.08 517607.82
1293.08 515317.99
1292.08 515235.31
1291.08 512218.1
1290.08 510404.02
1289.08 513101.77
1288.08 507103.14
1287.08 497268.66
1286.08 507787.74
1285.08 505455.12
1284.08 495485.16
1283.08 505177.96
1282.08 501335.1
1281.08 511157.77
1280.08 504973.51
1279.08 502953.32
1278.08 505782.8
1277.08 508891.69
1276.08 510732.79
1275.08 505766.8
1274.08 496640.82
1273.08 505876.77
1272.08 500464.66
1271.08 503304.48
1270.08 511486.63
1269.08 505214.87
1268.08 504332.65
1267.08 499727.07
1266.08 506562.96
1265.08 506735.95
1264.08 505792.3
1263.08 506572.43
1262.08 507105.98
1261.08 506354.92
1260.08 505130.26
1259.08 510263.61
1258.08 509671.92
1257.08 502789.37
1256.08 512700.56
1255.08 514001.82
1254.08 510375.42
1253.08 511685.71
1252.08 514465.95
1251.08 508769.59
1250.08 516594.28
1249.08 510246.86
1248.08 514021.59
1247.08 515201.57
1246.08 521162.49
1245.08 522430.91
1244.08 515543.19
1243.08 515392.83
1242.08 516106.79
1241.08 514185.06
1240.08 519782.27
1239.08 525958.9
1238.08 521080.21
1237.08 518853.51
1236.08 522496.22
1235.08 526290.38
1234.08 519985.45
1233.08 534806.5
1232.08 530744.83
1231.08 533145.47
1230.08 533923.72
1229.08 533069.46
1228.08 543583.15
1227.08 542064.22
1226.08 536330.07
1225.08 535962
1224.08 544660.21
1223.08 534265.09
1222.08 541807.13
1221.08 535583.81
1220.08 531201.37
1219.08 529589.21
1218.08 530639.43
1217.08 527669.78
1216.08 530292.44
1215.08 521307.09
1214.08 520247.69
1213.08 516534.71
1212.08 514502.77
1211.08 516222.99
1210.08 513425.01
1209.08 516308.34
1208.08 515031.55
1207.08 512465.9
1206.08 512856.65
1205.08 509693.66
1204.08 509579.04
1203.08 513683.15
1202.08 509872.78
1201.08 512274.62
1200.08 514483.85
1199.08 516834.78
1198.08 515245.53
1197.08 516582.63
1196.08 514949.35
1195.08 519618.94
1194.08 516648.12
1193.08 518917
1192.08 519191.01
1191.08 522051.03
1190.08 515105.99
1189.08 522309.13
1188.08 512938.51
1187.08 515206.99
1186.08 510511.95
1185.08 515369.77
1184.08 521906.28
1183.08 527158.27
1182.08 514908.61
1181.08 519667.47
1180.08 521363.77
1179.08 523169.68
1178.08 524000.91
1177.08 521010.36
1176.08 526681.19
1175.08 523799.91
1174.08 521681.23
1173.08 529484.9
1172.08 525263.04
1171.08 525926.02
1170.08 529847.3
1169.08 526527.49
1168.08 536741.13
1167.08 531139.02
1166.08 528926.6
1165.08 526685.56
1164.08 529018.31
1163.08 532839.21
1162.08 528824.71
1161.08 532665.04
1160.08 532285.93
1159.08 533527.7
1158.08 536178
1157.08 536039.68
1156.08 538967.11
1155.08 537325.77
1154.08 540844.28
1153.08 542413.46
1152.08 539918.06
1151.08 540296.11
1150.08 541307.3
1149.08 544632.81
1148.08 543447.1
1147.08 541567.72
1146.08 544233.2
1145.08 549383.68
1144.08 541609.1
1143.08 543781.42
1142.08 540560.43
1141.08 545186.86
1140.08 541302.64
1139.08 547175.54
1138.08 543987.15
1137.08 549735.7
1136.08 557513.13
1135.08 553064.85
1134.08 555798.38
1133.08 554975.81
1132.08 551003.93
1131.08 550519.29
1130.08 548922.47
1129.08 554641.58
1128.08 556178.27
1127.08 558162.79
1126.08 552534.52
1125.08 555648.67
1124.08 546588.1
1123.08 551204.86
1122.08 554022.42
1121.08 548950.32
1120.08 548230.76
1119.08 551838.94
1118.08 548708.84
1117.08 554987.5
1116.08 550692.51
1115.08 551337.45
1114.08 555481.09
1113.08 558496.92
1112.08 564249.8
1111.08 566230.64
1110.08 572689.86
1109.08 568832.83
1108.08 578477.35
1107.08 586313.33
1106.08 583551.15
1105.08 591597.06
1104.08 585440.61
1103.08 583645.12
1102.08 572040.56
1101.08 567815.85
1100.08 561841.21
1099.08 551022.12
1098.08 546526.45
1097.08 540086.94
1096.08 533466.11
1095.08 533561.74
1094.08 532438.49
1093.08 529816.06
1092.08 531226.44
1091.08 525304.75
1090.08 535730.93
1089.08 526908.28
1088.08 533655.5
1087.08 530079.67
1086.08 539252.18
1085.08 528702.9
1084.08 535539.38
1083.08 531884.07
1082.08 533621.26
1081.08 536555.48
1080.08 538036.66
1079.08 533199.5
1078.08 539927.43
1077.08 535044.02
1076.08 542348.28
1075.08 547980.07
1074.08 551781
1073.08 556639.79
1072.08 558234.52
1071.08 554992.29
1070.08 555278.79
1069.08 551222.2
1068.08 542843.57
1067.08 548232.44
1066.08 552215.62
1065.08 545018.4
1064.08 541209.24
1063.08 540929.02
1062.08 542991.84
1061.08 530687.93
1060.08 535053.87
1059.08 540366.02
1058.08 536041.42
1057.08 536903.91
1056.08 541852.09
1055.08 550543.86
1054.08 540077.57
1053.08 550681.77
1052.08 545071.71
1051.08 544262.09
1050.08 550981.81
1049.08 549817.83
1048.08 544295.85
1047.08 553521.04
1046.08 552049.29
1045.08 555842.32
1044.08 557786.02
1043.08 557853.2
1042.08 556299.2
1041.08 556280.33
1040.08 564190.06
1039.08 559879.4
1038.08 562851.66
1037.08 562196.64
1036.08 565628.97
1035.08 562310.12
1034.08 562433.49
1033.08 567877.08
1032.08 570604.81
1031.08 568928.99
1030.08 567800.52
1029.08 569433.1
1028.08 576345.63
1027.08 579523.29
1026.08 577699.69
1025.08 578033.33
1024.08 578735.29
1023.08 585541.26
1022.08 579853.56
1021.08 590340.21
1020.08 582811.74
1019.08 586523.67
1018.08 594734.17
1017.08 593047.99
1016.08 592310.05
1015.08 594578.45
1014.08 585457.25
1013.08 598167.98
1012.08 596733.37
1011.08 603974.8
1010.08 607433.86
1009.08 608457.74
1008.08 612460.78
1007.08 609724
1006.08 605639.81
1005.08 607697.08
1004.08 606530
1003.08 608174.67
1002.08 611590.06
1001.08 615548.62
1000.08 614821.09
999.08 625451.33
998.08 625583.97
997.08 633453.28
996.08 640138.6
995.08 650192.98
994.08 654159.34
993.08 639937.89
992.08 628951.21
991.08 620388.33
990.08 612572.73
989.08 611093.35
988.08 610848.07
987.08 617130.72
986.08 608157.43
985.08 603493.02
984.08 610710.13
983.08 605897.11
982.08 618275.84
981.08 619041.89
980.08 634306.04
979.08 654496.01
978.08 680516.83
977.08 709679.63
976.08 751777.53
975.08 785356.2
974.08 810587.37
973.08 766153.56
972.08 707880.96
971.08 656879.28
970.08 633699.24
969.08 607419.26
968.08 593607.27
967.08 577143.81
966.08 565691.7
965.08 556063.18
964.08 545065.52
963.08 541215.31
962.08 539752.72
961.08 539922.3
960.08 538154.52
959.08 537472.91
958.08 537155.7
957.08 540687.65
956.08 541109.25
955.08 539947.65
954.08 538471.07
953.08 543915.65
952.08 539515.11
951.08 544831.95
950.08 545519.21
949.08 548958.87
948.08 548272.74
947.08 550623.5
946.08 553694.93
945.08 556928.72
944.08 556123.6
943.08 555596.34
942.08 559675.15
941.08 560387.27
940.08 560628.46
939.08 564601.72
938.08 568196.05
937.08 576250.72
936.08 565394.13
935.08 562692.74
934.08 568816.13
933.08 573425.36
932.08 574016.99
931.08 572267.06
930.08 576560.18
929.08 577875.94
928.08 581948.89
927.08 585156.65
926.08 587385.03
925.08 586603.24
924.08 584029.16
923.08 582255.2
922.08 583310.07
921.08 586002.08
920.08 583775.24
919.08 584720.3
918.08 583367.59
917.08 592817.12
916.08 590255.11
915.08 589156.79
914.08 596600.53
913.08 591672.23
912.08 586760.83
911.08 610004.29
910.08 608607.89
909.08 612100.96
908.08 613094.63
907.08 615668.35
906.08 614157.95
905.08 619093.08
904.08 613548.58
903.08 624634.66
902.08 627415.58
901.08 624451.95
900.08 625605.58
899.08 627160.14
898.08 633860.71
897.08 628607.46
896.08 627819.16
895.08 632158.49
894.08 632812.69
893.08 631173.08
892.08 634335.58
891.08 631394.8
890.08 626030.71
889.08 623317.89
888.08 612896.41
887.08 609497.22
886.08 603187.3
885.08 597108.42
884.08 588535.05
883.08 590201.12
882.08 591188.53
881.08 590359.37
880.08 591031.44
879.08 598157.6
878.08 589735.04
877.08 590566.85
876.08 591477.46
875.08 597519.96
874.08 591828.2
873.08 590676.59
872.08 592278.98
871.08 594635.71
870.08 597486.68
869.08 600131.29
868.08 596612.19
867.08 598795.74
866.08 604927.05
865.08 605735.66
864.08 604622.34
863.08 609361.68
862.08 610822.54
861.08 614530.84
860.08 619909.5
859.08 616378.84
858.08 626577.73
857.08 632271.85
856.08 631454.22
855.08 640309.21
854.08 641610.89
853.08 637915.58
852.08 633453.9
851.08 643446.22
850.08 638593.53
849.08 646661.41
848.08 649446.91
847.08 658839.96
846.08 655098.13
845.08 649527.38
844.08 649040.97
843.08 645859.97
842.08 647083.83
841.08 647126.62
840.08 647053.27
839.08 641693.69
838.08 641189.76
837.08 635992.62
836.08 634651.75
835.08 629860.53
834.08 608392.64
833.08 596902.38
832.08 582945.91
831.08 578849.26
830.08 578054.21
829.08 572156.74
828.08 570768.45
827.08 577204.55
826.08 565209.57
825.08 574285.39
824.08 574016.76
823.08 567440.88
822.08 565820.01
821.08 566373.65
820.08 572121.36
819.08 572124.53
818.08 570759.12
817.08 569333.42
816.08 568474.33
815.08 574979.18
814.08 567763.31
813.08 577920.77
812.08 574714.21
811.08 576792.76
810.08 574705.36
809.08 584617.64
808.08 593114.76
807.08 582539.17
806.08 585491.53
805.08 584984.93
804.08 587213.85
803.08 592611.83
802.08 590391.75
801.08 588941.66
800.08 587618.04
799.08 591219.8
798.08 594541.91
797.08 589629.53
796.08 599012.6
795.08 606924.55
794.08 606848.75
793.08 611532.97
792.08 613596.64
791.08 622422.77
790.08 627153.69
789.08 626169.52
788.08 633810.81
787.08 645523.26
786.08 649031.16
785.08 645250.28
784.08 643958.23
783.08 643823.65
782.08 642479.97
781.08 638603.71
780.08 633237.28
779.08 616621.82
778.08 613162.59
777.08 607986.13
776.08 607924.45
775.08 608905.44
774.08 612209.67
773.08 612815.23
772.08 606523.29
771.08 618597.8
770.08 617662.52
769.08 611773.28
768.08 616671.39
767.08 611148.58
766.08 608834
765.08 611978.38
764.08 609056.92
763.08 610211.03
762.08 614350.31
761.08 609574.79
760.08 616678.22
759.08 620600.18
758.08 622322.86
757.08 623196.2
756.08 624997.25
755.08 628046.93
754.08 622670.36
753.08 627676.51
752.08 630336.52
751.08 632912.37
750.08 630002.57
749.08 637980.82
748.08 634129.51
747.08 645533.92
746.08 646143.46
745.08 653239.16
744.08 654705.24
743.08 661572.3
742.08 662034.98
741.08 660863.14
740.08 658753.43
739.08 663919.99
738.08 662432.9
737.08 667012.13
736.08 667313.2
735.08 680431.92
734.08 685932.62
733.08 695652.61
732.08 695773.89
731.08 699853.79
730.08 704026.57
729.08 710085.69
728.08 721495.51
727.08 731805.02
726.08 756223.46
725.08 766882.63
724.08 755906.97
723.08 746106.15
722.08 716570.8
721.08 702786.8
720.08 703050.11
719.08 697139.11
718.08 706374.96
717.08 690972.28
716.08 687121.33
715.08 688334.05
714.08 708188.33
713.08 738855.02
712.08 769243.82
711.08 794691.48
710.08 765534.09
709.08 683991.59
708.08 627570.81
707.08 601869.78
706.08 588637.8
705.08 562023.05
704.08 563945.7
703.08 565331.36
702.08 562085.68
701.08 560590.04
700.08 564423.74
699.08 567305.04
698.08 566135.3
697.08 571602.37
696.08 571126.37
695.08 569972.08
694.08 568609.31
693.08 568856.72
692.08 568327.27
691.08 568601.06
690.08 571936.32
689.08 567275.22
688.08 567450.27
687.08 571284.72
686.08 571621.41
685.08 571425.68
684.08 581233.55
683.08 573999.68
682.08 576771.03
681.08 578301.27
680.08 581950.55
679.08 580446.86
678.08 585207.08
677.08 581972.74
676.08 582102.46
675.08 581496.75
674.08 585559.5
673.08 585986.38
672.08 586152.64
671.08 584951.8
670.08 593519.66
669.08 591108.06
668.08 592162.71
667.08 593631.72
666.08 594032.12
665.08 593598
664.08 589793.48
663.08 591013.42
662.08 595757.58
661.08 597333.21
660.08 599128.17
659.08 602986.42
658.08 600300.08
657.08 605449.85
656.08 602661.27
655.08 598347.17
654.08 602224
653.08 601604.63
652.08 614854.17
651.08 605952.01
650.08 603680.19
649.08 610121.01
648.08 614264.55
647.08 613746.2
646.08 610633.2
645.08 610866.5
644.08 607871.53
643.08 621961.85
642.08 623043.17
641.08 620153.36
640.08 618029.21
639.08 622186.33
638.08 628254.58
637.08 625318.42
636.08 626168.06
635.08 624592.32
634.08 629898.52
633.08 630859.54
632.08 626232.74
631.08 628809.85
630.08 624955.95
629.08 631271.45
628.08 632757.4
627.08 635977.47
626.08 639510.62
625.08 632776.19
624.08 636484.12
623.08 643600.48
622.08 644023.43
621.08 639336.84
620.08 630951.02
619.08 637187.97
618.08 650556.33
617.08 645706.46
616.08 647382.53
615.08 645737.45
614.08 653922.26
613.08 646986.15
612.08 648989.96
611.08 649823.08
610.08 655205.88
609.08 652679.41
608.08 654461.59
607.08 649156.23
606.08 650371.36
605.08 658354.52
604.08 653821.84
603.08 664455.37
602.08 660334.15
601.08 656330.54
600.08 662258.61
599.08 664555.59
598.08 668259.54
597.08 664867.79
596.08 668350.48
595.08 666224.11
594.08 673621.81
593.08 675410.21
592.08 673482.69
591.08 678190.36
590.08 672614.75
589.08 680548.68
588.08 678134.2
587.08 678315.15
586.08 674456.82
585.08 675362.37
584.08 684105.43
583.08 682704.61
582.08 685876.82
581.08 688623.19
580.08 693665.65
579.08 699389.98
578.08 698115.57
577.08 700319.66
576.08 701426.42
575.08 689470.61
574.08 688771.08
573.08 685954.08
572.08 688431.92
571.08 682770.68
570.08 688524.17
569.08 689825.61
568.08 695767.26
567.08 712600.37
566.08 737047.98
565.08 749601.09
564.08 754417.35
563.08 736311.68
562.08 715533.55
561.08 707524.3
560.08 697729.72
559.08 694279.43
558.08 687388.04
557.08 685152.32
556.08 685832.61
555.08 675000.7
554.08 671097.48
553.08 671493.38
552.08 668252.26
551.08 668026.12
550.08 684715.96
549.08 683980.82
548.08 676289.07
547.08 664305.81
546.08 659846.3
545.08 656470.26
544.08 666176.28
543.08 669116.58
542.08 664342.09
541.08 655315.79
540.08 632055.98
539.08 614033.34
538.08 613246.43
537.08 622638.42
536.08 625811.3
535.08 630862.91
534.08 640541.91
533.08 710872.48
532.08 859850.52
531.08 1096428.58
530.08 1437293.9
529.08 1518188.79
528.08 946088.89
527.08 614490.05
526.08 558901.01
525.08 554237.93
524.08 547064.81
523.08 542728.4
522.08 537071.81
521.08 541587.19
520.08 539372.03
519.08 544386.27
518.08 538507.74
517.08 536965.02
516.08 548779.2
515.08 536331.59
514.08 546421.4
513.08 543442.94
512.08 548913.03
511.08 552094.43
510.08 548526.79
509.08 546385.38
508.08 551980.07
507.08 555136.27
506.08 553881.42
505.08 549817.86
504.08 553414.13
503.08 549830.75
502.08 552501.29
501.08 554733.54
500.08 560443.89
499.08 561372.77
498.08 557319.11
497.08 559556.69
496.08 562875.04
495.08 565992.07
494.08 566375.41
493.08 570753.19
492.08 563033.87
491.08 569671.57
490.08 574516.73
489.08 583155.27
488.08 577229.43
487.08 576571.4
486.08 570491.95
485.08 568555.64
484.08 570350.24
483.08 566811.05
482.08 569231.45
481.08 568533.09
480.08 572533.69
479.08 583146.26
478.08 592643.48
477.08 586760.78
476.08 588712.26
475.08 585779.56
474.08 584983.26
473.08 603307.02
472.08 620844.43
471.08 606627.71
470.08 585082.43
469.08 559998.1
468.08 541587.17
467.08 539739.88
466.08 569399.94
465.08 635284.3
464.08 717092.51
463.08 682131.31
462.08 596904.98
461.08 557930.13
460.08 593485.12
459.08 775092.5
458.08 975118.81
457.08 734600.65
456.08 528122.35
455.08 493779.15
454.08 481886.78
453.08 483615.7
452.08 481101.66
451.08 472754.92
450.08 471758.24
449.08 470413.07
448.08 465521.29
447.08 469776.3
446.08 469456.75
445.08 470359.12
444.08 477165.65
443.08 477846.98
442.08 478829.55
441.08 475852.97
440.08 479809.61
439.08 485570.5
438.08 480279.46
437.08 484999.66
436.08 480452.32
435.08 486080.87
434.08 485102.46
433.08 489256.13
432.08 487630.86
431.08 491753.7
430.08 492472.94
429.08 487298.12
428.08 498611
427.08 497416.48
426.08 495420
425.08 495009.31
424.08 491990.36
423.08 498331.56
422.08 499553.25
421.08 496620.16
420.08 502154.13
419.08 507773.51
418.08 503630.87
417.08 510533.55
416.08 510956.83
415.08 505595.06
414.08 506957.85
413.08 506944.89
412.08 511776.46
411.08 514637.7
410.08 519231.02
409.08 514576.37
408.08 514709.57
407.08 519754.15
406.08 524935.63
405.08 529957.09
404.08 529448.08
403.08 531838.94
402.08 534256.72
401.08 539048.36
400.08 536359.75
399.08 546869.88
398.08 540876.55
397.08 532261.38
396.08 534494.12
395.08 531794.5
394.08 529016.86
393.08 535613.52
392.08 533008.94
391.08 539325.75
390.08 536198.29
389.08 539467.52
388.08 529486.18
387.08 529705.03
386.08 519978.25
385.08 511056.32
384.08 503466.03
383.08 495854.47
382.08 490972.1
381.08 494455.53
380.08 496036.57
379.08 492971.99
378.08 492531.77
377.08 493883.62
376.08 498898.22
375.08 495930.08
374.08 503976.68
373.08 498482.49
372.08 500459.18
371.08 498786.27
370.08 497141.84
369.08 504979.39
368.08 504551.1
367.08 505256.56
366.08 512379.96
365.08 512638.47
364.08 514757.98
363.08 524609.51
362.08 522066.49
361.08 528819.91
360.08 547670.06
359.08 564842.59
358.08 580201.3
357.08 599397.35
356.08 584485.71
355.08 560287.22
354.08 546765
353.08 535772.77
352.08 528954.54
351.08 530626.5
350.08 518083.85
349.08 511372.43
348.08 514321.12
347.08 515601.37
346.08 506481.13
345.08 490623.23
344.08 489274.08
343.08 492134.92
342.08 489309.32
341.08 495592.23
340.08 497282.75
339.08 494534.31
338.08 501668.16
337.08 496566.41
336.08 498309.43
335.08 501944.34
334.08 497781.48
333.08 507343.02
332.08 505267.87
331.08 505802.19
330.08 511900.6
329.08 514429.8
328.08 515278.5
327.08 516746.96
326.08 521026.25
325.08 515407.89
324.08 523819.9
323.08 528453.62
322.08 527854.38
321.08 531838.7
320.08 540720.38
319.08 544885.87
318.08 542732.91
317.08 540417.54
316.08 545493.04
315.08 557457.66
314.08 546653.16
313.08 545342.79
312.08 550692.6
311.08 548082.05
310.08 550240.55
309.08 551012.24
308.08 553138.82
307.08 557064.57
306.08 571817.94
305.08 578179.3
304.08 580044.14
303.08 561850.91
302.08 559242.68
301.08 571825.62
300.08 579060.45
299.08 586440.86
298.08 598137.01
297.08 602196.55
296.08 598905.39
295.08 585133.06
294.08 562880.99
293.08 540973.42
292.08 525821.45
291.08 521932.09
290.08 536156.78
289.08 541242.06
288.08 551826.52
287.08 566735.76
286.08 608480.34
285.08 660332.12
284.08 663806.72
283.08 582312.18
282.08 542030.41
281.08 552511.47
280.08 609297.62
279.08 682127.36
278.08 651177.71
277.08 538919.47
276.08 471491.59
275.08 454193.5
274.08 443190.78
273.08 439105.3
272.08 450188.55
271.08 485377.27
270.08 596748.24
269.08 768077.24
268.08 812913.61
267.08 643198.28
266.08 496032.49
265.08 431361.41
264.08 404651.49
263.08 397323.51
262.08 391331.46
261.08 390142.68
260.08 398297.24
259.08 398887.75
258.08 408830.42
257.08 419004.74
256.08 433511.46
255.08 425700.66
254.08 419835.2
253.08 409039.07
252.08 399813.53
251.08 384663.66
250.08 380329.14
249.08 388922.67
248.08 386391.97
247.08 388933.42
246.08 390316.37
245.08 387452.98
244.08 386337.88
243.08 383789.71
242.08 380581.02
241.08 379882.28
240.08 378261.7
239.08 371584.78
238.08 371593.87
237.08 377889.69
236.08 377678.03
235.08 385512.85
234.08 386139.39
233.08 389005.39
232.08 397284.22
231.08 415082.16
230.08 425486.88
229.08 425972.08
228.08 411502.23
227.08 396698.22
226.08 391508.03
225.08 391035.62
224.08 393243.19
223.08 396200.59
222.08 395538.27
221.08 399642.84
220.08 398451.85
219.08 396492.23
218.08 398321.55
217.08 397128.98
216.08 393485.42
215.08 390302.1
214.08 394234.64
213.08 400946.58
212.08 396405.34
211.08 398394.97
210.08 407321.95
209.08 401794.9
208.08 404324.47
207.08 413438.98
206.08 415739.72
205.08 416377.05
204.08 422084.34
203.08 435512.63
202.08 436139.52
201.08 443023.84
200.08 451383.22
199.08 450660.6
198.08 449243.08
197.08 447324.04
196.08 449030.35
195.08 444349.15
194.08 439771.31
193.08 432761.85
192.08 429515.73
191.08 424427.22
190.08 425187.77
189.08 428966.74
188.08 428524.25
187.08 440482.49
186.08 449045.01
185.08 464862.64
184.08 476035.87
183.08 505795.32
182.08 535544.41
181.08 586944.14
180.08 651779.59
179.08 699356.35
178.08 675619.37
177.08 584961.16
176.08 504155.47
175.08 471500.6
174.08 448683.21
173.08 413161.49
172.08 373360.86
171.08 340984.29
170.08 326057.76
169.08 325711.82
168.08 338275.34
167.08 353398.09
166.08 361602.75
165.08 355760.55
164.08 351473.53
163.08 351289.6
162.08 373312.51
161.08 398542.41
160.08 380949.32
159.08 333259.26
158.08 290144.68
157.08 270399.4
156.08 264581.3
155.08 254223.33
154.08 248986.41
153.08 250945.74
152.08 242559.17
151.08 237835.76
150.08 235240.9
149.08 232515.03
148.08 237477.52
147.08 240085.36
146.08 239764.37
145.08 241650.77
144.08 237725.31
143.08 230661.99
142.08 231890.88
141.08 246397.01
140.08 272438.17
139.08 310572.17
138.08 334270.8
137.08 326142.57
136.08 345436.97
135.08 532460.29
134.08 731254.04
133.08 792365.42
132.08 635008.09
131.08 250279.34
130.08 141699.81
129.08 124022.02
128.08 117408.45
127.08 115756.31
126.08 111125.38
125.08 111454.52
124.08 109616.94
123.08 109764.72
122.08 109540.74
121.08 110254.53
120.08 109562.46
119.08 113846.45
118.08 115620.6
117.08 116690.92
116.08 116637.11
115.08 120828.97
114.08 118900.7
113.08 118801.23
112.08 116443.69
111.08 113368.03
110.08 113918.37
109.08 110773.9
108.08 111148.85
107.08 111084.46
106.08 111776.67
105.08 109867.66
104.08 111643.01
103.08 114171.27
102.08 118490.43
101.08 123674.55
100.08 118794.92
99.08 117711.17
98.08 116648.43
97.08 116791.48
96.08 122756.51
95.08 124309.46
94.08 124113.23
93.08 124552.17
92.08 120957.49
91.08 118479.17
90.08 115841.23
89.08 117873.78
88.08 115295.68
87.08 113429.91
86.08 111111.04
85.08 113651.41
84.08 113646.55
83.08 112247.04
82.08 116657.26
81.08 115269.49
80.08 117042.18
79.08 118415.78
78.08 119214.92
77.08 120235.96
76.08 125651.74
75.08 128016.31
74.08 127429.22
73.08 125680.3
72.08 120092.27
71.08 117370.22
70.08 111849.56
69.08 114034.03
68.08 112441.96
67.08 110287.42
66.08 111104.59
65.08 110114.77
64.08 115679.66
63.08 121797.08
62.08 130159.76
61.08 134529.62
60.08 123478.25
59.08 120012.96
58.08 126609.06
57.08 142643.33
56.08 195018.06
55.08 234636.54
54.08 199493.79
53.08 133292.96
52.08 94144.13
51.08 82844.7
50.08 81209.28
49.08 77497.26
48.08 69104.18
47.08 61768.36
46.08 58435.99
45.08 57477.14
44.08 56538.72
43.08 57359.65
42.08 57543.19
41.08 57420.32
40.08 56971.13
39.08 70224.38
38.08 105994.63
37.08 153142.46
36.08 144260.49
35.08 87544.37
34.08 53521.13
33.08 45712.65
32.08 42401.85
31.08 39736.72
30.08 37513.9
29.08 36721.88
28.08 34363.2
27.08 34966.24
26.08 39430.01
25.08 41481.94
24.08 46750.81
23.08 57220.92
22.08 69986.78
21.08 88996.54
20.08 116594.98
19.08 150239.02
18.08 133630.5
17.08 65089.59
16.08 30764.31
15.08 22784.35
14.08 20538.53
13.08 18384.45
12.08 17481.07
11.08 15733.84
10.08 15567.86
9.08 15298.14
8.08 19601.84
7.08 31152.26
6.08 40064.86
5.08 39325.64
4.08 34388.7
3.08 29565.94
2.08 20738.03
1.08 11116.96
0.08 5341.74
-0.92 2080.41
-1.92 803.24
-2.92 751.53
-3.92 522.77
-4.92 483.6
