Samples4Survey LaCo_0212_1
1350.08 835613.65
1349.08 833424.54
1348.08 825366.99
1347.08 802088.26
1346.08 810661.29
1345.08 814980
1344.08 793626.19
1343.08 810691.27
1342.08 807393.98
1341.08 801781.62
1340.08 789054.48
1339.08 795355.58
1338.08 792441.68
1337.08 781587.84
1336.08 776809.1
1335.08 777663.17
1334.08 763378.81
1333.08 771227.69
1332.08 780241.29
1331.08 766238.94
1330.08 762839.91
1329.08 763213.3
1328.08 750698.26
1327.08 751925.72
1326.08 749432.54
1325.08 760671.35
1324.08 742439.24
1323.08 734251.88
1322.08 732725.64
1321.08 723284.64
1320.08 728366.04
1319.08 713407.54
1318.08 710325.46
1317.08 713115.04
1316.08 711640.03
1315.08 705152.74
1314.08 708630.75
1313.08 685347.87
1312.08 700205.12
1311.08 707283.55
1310.08 695649.32
1309.08 687220.7
1308.08 676900.41
1307.08 678403.63
1306.08 680477.17
1305.08 676551.67
1304.08 683239.35
1303.08 685989.9
1302.08 670902.32
1301.08 674103.76
1300.08 665036.37
1299.08 670510.93
1298.08 670145.83
1297.08 657296.13
1296.08 664376.02
1295.08 649821.77
1294.08 658822.51
1293.08 655624.51
1292.08 658427.79
1291.08 663427.67
1290.08 661232.49
1289.08 653140.82
1288.08 658367.36
1287.08 657147.53
1286.08 674797.21
1285.08 650495.3
1284.08 652469.38
1283.08 668331.25
1282.08 665973.33
1281.08 659892.81
1280.08 653953.7
1279.08 642608.66
1278.08 664828.69
1277.08 656680.54
1276.08 658315.58
1275.08 664333.78
1274.08 657426.54
1273.08 647757.5
1272.08 646810.41
1271.08 663223.82
1270.08 653385.87
1269.08 650905.34
1268.08 639939.99
1267.08 638127.53
1266.08 656889.83
1265.08 655202.68
1264.08 643821.91
1263.08 655672.32
1262.08 647052.15
1261.08 647536.91
1260.08 643034.89
1259.08 648722.02
1258.08 644665.54
1257.08 642727.88
1256.08 650483.93
1255.08 634021.27
1254.08 639501.71
1253.08 635377.07
1252.08 636468.97
1251.08 650650.37
1250.08 638276.72
1249.08 636922.77
1248.08 633445.71
1247.08 649937.52
1246.08 653471.68
1245.08 642854.62
1244.08 639613.69
1243.08 649474.1
1242.08 642429.02
1241.08 647335.15
1240.08 645132.46
1239.08 649674.03
1238.08 642203.28
1237.08 642892.26
1236.08 661750.93
1235.08 651514.95
1234.08 657699.93
1233.08 638388.32
1232.08 649126.7
1231.08 642545.13
1230.08 637014.75
1229.08 660978.65
1228.08 656949.39
1227.08 660881.18
1226.08 649621.61
1225.08 655063.38
1224.08 654286.92
1223.08 654591.58
1222.08 669125.73
1221.08 656820.76
1220.08 647891.39
1219.08 655488.93
1218.08 654172.98
1217.08 635530.01
1216.08 647142.72
1215.08 644471.43
1214.08 640208.56
1213.08 655811.98
1212.08 641014.67
1211.08 641003.93
1210.08 640755.13
1209.08 642020.78
1208.08 639161.25
1207.08 648540.76
1206.08 648775.41
1205.08 645248.26
1204.08 647991.61
1203.08 632719.18
1202.08 639186.13
1201.08 640036.35
1200.08 635090.56
1199.08 631651.46
1198.08 632570.6
1197.08 623790.35
1196.08 633700.85
1195.08 623617.82
1194.08 631292.85
1193.08 625504.84
1192.08 628330.89
1191.08 630319.22
1190.08 620852.55
1189.08 630990.03
1188.08 637849.36
1187.08 635177.6
1186.08 627670.51
1185.08 634005.61
1184.08 629100.04
1183.08 646666.38
1182.08 653957.26
1181.08 638747.03
1180.08 633273.97
1179.08 640049.72
1178.08 641000.2
1177.08 649774.74
1176.08 649782.08
1175.08 650568.6
1174.08 648177.76
1173.08 655853.39
1172.08 642674.61
1171.08 645612.43
1170.08 654011.96
1169.08 653253.18
1168.08 644001.09
1167.08 644552.26
1166.08 651217.33
1165.08 642906.33
1164.08 657796.29
1163.08 651299.08
1162.08 649981.13
1161.08 641756.91
1160.08 644481.32
1159.08 647611.74
1158.08 649340.03
1157.08 646186.54
1156.08 641287.81
1155.08 652884.58
1154.08 653426.71
1153.08 645602.62
1152.08 647304.99
1151.08 646011.45
1150.08 645415.52
1149.08 642085.17
1148.08 648762.26
1147.08 651960.24
1146.08 644497.74
1145.08 651222.55
1144.08 650978.58
1143.08 639870.27
1142.08 646369.8
1141.08 653026.63
1140.08 650255.2
1139.08 662314.85
1138.08 658309.01
1137.08 655328.2
1136.08 649182.78
1135.08 655145.05
1134.08 651267.32
1133.08 662166.72
1132.08 667364.81
1131.08 687119.84
1130.08 680623.25
1129.08 699751.84
1128.08 698084.41
1127.08 701977.76
1126.08 709048.17
1125.08 700100.09
1124.08 705629.13
1123.08 692630.84
1122.08 681514.37
1121.08 673353.02
1120.08 663458.52
1119.08 668631.98
1118.08 669887.72
1117.08 664324.49
1116.08 668814.41
1115.08 651984.9
1114.08 658623.48
1113.08 666373.2
1112.08 656590.15
1111.08 654366.14
1110.08 653963.42
1109.08 658397.39
1108.08 647740.29
1107.08 661838.28
1106.08 662445.29
1105.08 662001.13
1104.08 652582.22
1103.08 657060.55
1102.08 662712.89
1101.08 659743.69
1100.08 662302.39
1099.08 665567.16
1098.08 661629.44
1097.08 658324.55
1096.08 663350.59
1095.08 661271.25
1094.08 674090.56
1093.08 663201.08
1092.08 664814.5
1091.08 654376.52
1090.08 670811.69
1089.08 668485.39
1088.08 663260.68
1087.08 667099.44
1086.08 667808.03
1085.08 673689.71
1084.08 671320.33
1083.08 672167.82
1082.08 665992.03
1081.08 672942.59
1080.08 668553.7
1079.08 672956
1078.08 674806.84
1077.08 673168.92
1076.08 668304.33
1075.08 680076.73
1074.08 672222.3
1073.08 676151.76
1072.08 688780.55
1071.08 692987.35
1070.08 684062.1
1069.08 678027.21
1068.08 678766.73
1067.08 687155.05
1066.08 687920.32
1065.08 680160.95
1064.08 691473.62
1063.08 681740.41
1062.08 680176.83
1061.08 681852.2
1060.08 677533.05
1059.08 695437.29
1058.08 695508.84
1057.08 688589.02
1056.08 697130.28
1055.08 694365.59
1054.08 689969.42
1053.08 682576.6
1052.08 694970.2
1051.08 682242.4
1050.08 680756.31
1049.08 693521.72
1048.08 689615.74
1047.08 698128.39
1046.08 705217.25
1045.08 701665.48
1044.08 698313.78
1043.08 701062.78
1042.08 710488.2
1041.08 703442.39
1040.08 707347.71
1039.08 706540.9
1038.08 704395.16
1037.08 712723.07
1036.08 722175.2
1035.08 709772.77
1034.08 725371.48
1033.08 716319.9
1032.08 724093.45
1031.08 715717.77
1030.08 715230.44
1029.08 723674.03
1028.08 713684.96
1027.08 711854.84
1026.08 709910.05
1025.08 704889.31
1024.08 708425.75
1023.08 713673.88
1022.08 716077
1021.08 709658.68
1020.08 708781.95
1019.08 722940.52
1018.08 720059.43
1017.08 721556.66
1016.08 714201.63
1015.08 718920.86
1014.08 714117.69
1013.08 716445.31
1012.08 708611.54
1011.08 715636.57
1010.08 727970.89
1009.08 719619.56
1008.08 732226.45
1007.08 720390.02
1006.08 730669.96
1005.08 729857
1004.08 719221.71
1003.08 731821.7
1002.08 726029.14
1001.08 736632.96
1000.08 727238.21
999.08 743694.67
998.08 733563.65
997.08 744120.93
996.08 747111.11
995.08 759964.02
994.08 760197.01
993.08 767102.14
992.08 750393.66
991.08 756511.41
990.08 745220.84
989.08 749907.73
988.08 750448.31
987.08 753178.12
986.08 745076.08
985.08 752499.93
984.08 741113.03
983.08 754991.62
982.08 738796.67
981.08 743242.32
980.08 757141.64
979.08 759603.35
978.08 765727.14
977.08 778116.68
976.08 781229.71
975.08 806713.24
974.08 813781.57
973.08 828989.35
972.08 820699.92
971.08 810547.37
970.08 790169.41
969.08 765913.82
968.08 747512.63
967.08 752157.74
966.08 748092.23
965.08 735351.8
964.08 734130.63
963.08 729836.65
962.08 726924.16
961.08 723899.18
960.08 713964.96
959.08 713158.59
958.08 710630.12
957.08 714784.76
956.08 714982.32
955.08 714339.56
954.08 718748.55
953.08 714560.34
952.08 718394.69
951.08 708581.39
950.08 709059.37
949.08 691943.9
948.08 706126.53
947.08 699028.73
946.08 697269.89
945.08 700771.35
944.08 702321.09
943.08 697530.31
942.08 689180.16
941.08 699094.16
940.08 702087.96
939.08 710159.85
938.08 702120.96
937.08 705349.94
936.08 695141.08
935.08 702552.93
934.08 702976.37
933.08 694699.66
932.08 705371.25
931.08 696125.17
930.08 695078.79
929.08 705724.27
928.08 720372.55
927.08 718506.01
926.08 719459.15
925.08 708643.48
924.08 716092.98
923.08 704714.6
922.08 705467.93
921.08 702865.29
920.08 706208.51
919.08 684787.2
918.08 699173.17
917.08 704686.61
916.08 700457.72
915.08 708879.71
914.08 699972.58
913.08 702841.22
912.08 698714.86
911.08 697493.26
910.08 725776.17
909.08 717767.45
908.08 701172.18
907.08 700750.59
906.08 714522.53
905.08 721782.71
904.08 719432.7
903.08 717769.08
902.08 706142.61
901.08 729261.28
900.08 730182.23
899.08 725582.39
898.08 729056.67
897.08 735787.62
896.08 730691.46
895.08 733605.89
894.08 738652.72
893.08 744492.9
892.08 736596.53
891.08 743171.61
890.08 745351.39
889.08 743809.93
888.08 747399.16
887.08 750896.66
886.08 749148.07
885.08 753941.63
884.08 761240.86
883.08 759335.84
882.08 757871.1
881.08 765927.11
880.08 761358.01
879.08 756403.38
878.08 756132.74
877.08 741150.62
876.08 747861.65
875.08 763145.07
874.08 754745.51
873.08 763790.87
872.08 771293.74
871.08 765922.29
870.08 774588.1
869.08 785245.19
868.08 783146.61
867.08 791319.94
866.08 794549.62
865.08 798650.8
864.08 807850.77
863.08 801873.96
862.08 787219.87
861.08 767053.68
860.08 757722.13
859.08 754680.23
858.08 749253.85
857.08 750498.73
856.08 788378.11
855.08 866100.71
854.08 900725.04
853.08 866288.68
852.08 861547.44
851.08 879461.16
850.08 912795.69
849.08 796936.88
848.08 671764.99
847.08 624041.03
846.08 596246.48
845.08 576758.96
844.08 554022.85
843.08 541812.93
842.08 541855.85
841.08 535382.66
840.08 580334.85
839.08 668531.99
838.08 789660.65
837.08 832165.85
836.08 790209.96
835.08 774204.55
834.08 839807.28
833.08 824324.42
832.08 647301.67
831.08 482309.06
830.08 422577.99
829.08 396558.55
828.08 382421.48
827.08 382177.09
826.08 365976.98
825.08 365361.8
824.08 364418.12
823.08 367346.78
822.08 356732.48
821.08 354516.78
820.08 351127.85
819.08 357594.6
818.08 357448.53
817.08 364160.16
816.08 354528.72
815.08 351764.41
814.08 348943.57
813.08 352063
812.08 354242.94
811.08 349835.01
810.08 349110.46
809.08 339245.59
808.08 354701.03
807.08 348441.06
806.08 359202.22
805.08 350149.19
804.08 351910.77
803.08 358918.43
802.08 350707.37
801.08 346778.99
800.08 339026.58
799.08 343817.83
798.08 355328.43
797.08 385198.13
796.08 401274.2
795.08 406433.77
794.08 385197.87
793.08 347081.27
792.08 337216.49
791.08 333054.79
790.08 337547.33
789.08 325514.12
788.08 327405.64
787.08 323650.27
786.08 321898.95
785.08 325788.66
784.08 333530.27
783.08 361658.61
782.08 395487.11
781.08 450789.44
780.08 486078.68
779.08 441308.43
778.08 334333.96
777.08 289106.75
776.08 274934.7
775.08 269026.95
774.08 259132.7
773.08 255094.95
772.08 248696.53
771.08 247773.72
770.08 245045.07
769.08 232850.69
768.08 217266.24
767.08 207125.53
766.08 198158.72
765.08 194819.99
764.08 197407.95
763.08 195838.25
762.08 200168.11
761.08 201360.81
760.08 199573.56
759.08 201320.47
758.08 202773.2
757.08 194774.32
756.08 194581.04
755.08 183507.11
754.08 180100.43
753.08 169893.74
752.08 176800.06
751.08 167799.13
750.08 170885.34
749.08 171378.96
748.08 169453.36
747.08 176097.38
746.08 170105.88
745.08 175283.63
744.08 170386.65
743.08 170252.93
742.08 162740.45
741.08 170074.72
740.08 165946.24
739.08 164510.51
738.08 166414.02
737.08 168706.86
736.08 164100.76
735.08 160328.18
734.08 159338.64
733.08 162141.46
732.08 157497.58
731.08 162030.49
730.08 161640.88
729.08 156078.99
728.08 159053.43
727.08 163154.79
726.08 164926.4
725.08 161422.86
724.08 158984.02
723.08 160562.2
722.08 167695.14
721.08 175347.75
720.08 176067.27
719.08 183363
718.08 187571.71
717.08 191052.47
716.08 190746.67
715.08 188171.27
714.08 189402.72
713.08 190141.86
712.08 191099.12
711.08 186454.79
710.08 179336.07
709.08 171448.02
708.08 154868.86
707.08 147170.14
706.08 143146.64
705.08 144704.58
704.08 144137.81
703.08 144455.23
702.08 148417.95
701.08 146183.33
700.08 141445.45
699.08 146365.29
698.08 143479.5
697.08 143816.79
696.08 136196.23
695.08 136038.06
694.08 127286.8
693.08 134195.42
692.08 126989.98
691.08 124769.78
690.08 124319.6
689.08 130406.14
688.08 128219.39
687.08 125270.45
686.08 127114.22
685.08 126307.1
684.08 129786.69
683.08 132886.77
682.08 126073.94
681.08 132492.3
680.08 125677.53
679.08 127258.73
678.08 125177.36
677.08 129386.1
676.08 128690.72
675.08 134739.37
674.08 125948.28
673.08 127237.64
672.08 129092.69
671.08 134877.34
670.08 128706.87
669.08 126002.56
668.08 125206.05
667.08 128409.76
666.08 127674.89
665.08 127417.55
664.08 127603.99
663.08 129531.86
662.08 126237.73
661.08 131577.53
660.08 133013.42
659.08 130667.06
658.08 125497.67
657.08 130677.79
656.08 127651.84
655.08 126359
654.08 131203.79
653.08 125876.81
652.08 127140.3
651.08 126479.12
650.08 130264.77
649.08 132158.08
648.08 133621.24
647.08 131709.44
646.08 133199.44
645.08 127454.58
644.08 130916.78
643.08 134340.73
642.08 130417.32
641.08 132236.46
640.08 134051.32
639.08 130236.02
638.08 135725.68
637.08 129586.33
636.08 132549.4
635.08 134517.45
634.08 134106.61
633.08 134184.98
632.08 131216.13
631.08 130377.62
630.08 135328.73
629.08 132854.42
628.08 128688.49
627.08 128447.97
626.08 135011.09
625.08 135594.18
624.08 132101.34
623.08 132931.25
622.08 133315.94
621.08 129611.61
620.08 135077.77
619.08 137865.57
618.08 134998.42
617.08 135964.07
616.08 133953.54
615.08 133493.92
614.08 137505.78
613.08 138301.49
612.08 136004.75
611.08 130202.5
610.08 138174.87
609.08 135051.28
608.08 135434.99
607.08 135983.69
606.08 135338
605.08 134609.89
604.08 138915.42
603.08 136346.87
602.08 139518.65
601.08 143306.18
600.08 140397.72
599.08 137317.74
598.08 137755.55
597.08 135127.27
596.08 136798.13
595.08 137467.45
594.08 135429.53
593.08 139277.85
592.08 143706.5
591.08 136353.04
590.08 138199.19
589.08 136381.54
588.08 142155.71
587.08 143385.29
586.08 144356.07
585.08 138795.67
584.08 140539.67
583.08 140116
582.08 139694.65
581.08 143645.02
580.08 143242.63
579.08 142247.6
578.08 139227.71
577.08 143242.34
576.08 142272.87
575.08 142346.8
574.08 148222.84
573.08 142249.65
572.08 142537.76
571.08 140654.83
570.08 143862.39
569.08 140970
568.08 147719.78
567.08 150266.91
566.08 138946.7
565.08 144468.32
564.08 143380.92
563.08 146932.46
562.08 147681.83
561.08 151104.89
560.08 151213.65
559.08 154039.05
558.08 151460.74
557.08 155020.99
556.08 146752.67
555.08 147017.95
554.08 142169.03
553.08 145315.89
552.08 137819.82
551.08 141867.26
550.08 138918.24
549.08 138197.51
548.08 142585.46
547.08 139253.64
546.08 142484.33
545.08 135857.44
544.08 136446.34
543.08 137394.8
542.08 133977.02
541.08 132237
540.08 127848.64
539.08 121402.61
538.08 118906.1
537.08 119161.57
536.08 116079.76
535.08 117769.65
534.08 131783.65
533.08 163059.95
532.08 201996.25
531.08 254294.85
530.08 358848.32
529.08 447637.27
528.08 316668.87
527.08 138521.4
526.08 100542.07
525.08 91589.36
524.08 87230.84
523.08 91040
522.08 87130.82
521.08 85423.73
520.08 89335.51
519.08 85667.52
518.08 85422.8
517.08 85842.46
516.08 88488.7
515.08 87278.24
514.08 82830.22
513.08 87411.31
512.08 89699.33
511.08 91179.1
510.08 91526.4
509.08 90611.29
508.08 86584.07
507.08 86449.81
506.08 88149.49
505.08 85341.45
504.08 88274.63
503.08 88511.32
502.08 88250.14
501.08 85828.62
500.08 89729.88
499.08 92498.49
498.08 89341.55
497.08 93836.81
496.08 89325.7
495.08 92672.06
494.08 84414.55
493.08 87480.27
492.08 83436.94
491.08 84400.31
490.08 85804.87
489.08 89967.95
488.08 82406.04
487.08 90621.89
486.08 86224.26
485.08 85250.62
484.08 86078.31
483.08 85632.13
482.08 85447.2
481.08 88212.82
480.08 88011.38
479.08 82529.86
478.08 87588.67
477.08 84571.84
476.08 89728.68
475.08 85437.36
474.08 89683.95
473.08 84036.06
472.08 86016.88
471.08 83893.42
470.08 86957.46
469.08 83652.26
468.08 85333.66
467.08 90144.42
466.08 91876.57
465.08 87583.05
464.08 85222.71
463.08 90863.53
462.08 88153.5
461.08 89688.09
460.08 88184.4
459.08 86792.8
458.08 89843.41
457.08 88224.3
456.08 87204.31
455.08 85554.25
454.08 90045.56
453.08 87125.96
452.08 88240.48
451.08 89598.68
450.08 88295.05
449.08 89707.79
448.08 87536.58
447.08 88004.06
446.08 89954.01
445.08 93200.19
444.08 89013.61
443.08 88300.62
442.08 90808.78
441.08 90429.85
440.08 88955.94
439.08 89351.38
438.08 91130.25
437.08 94757.63
436.08 92046.64
435.08 92159.04
434.08 90052.01
433.08 91500.03
432.08 87757.9
431.08 89412.46
430.08 94907.2
429.08 89264.41
428.08 93654.52
427.08 92900.16
426.08 92115.76
425.08 89452.9
424.08 92805.38
423.08 93713.75
422.08 94125.45
421.08 94374.7
420.08 93095.63
419.08 93586.17
418.08 95216.57
417.08 94182.28
416.08 97281.36
415.08 97060.86
414.08 97018.02
413.08 90491.98
412.08 93753.6
411.08 93552.99
410.08 92701.39
409.08 93225.19
408.08 94788.26
407.08 96758.6
406.08 90903.48
405.08 96376.15
404.08 97523.79
403.08 97758.96
402.08 89781.63
401.08 96965.56
400.08 96917.83
399.08 102222.61
398.08 103462.24
397.08 101404.97
396.08 98298.04
395.08 95498.9
394.08 95729.62
393.08 91362.8
392.08 86920.25
391.08 89798.1
390.08 93834.59
389.08 90776.56
388.08 83219.04
387.08 90197.45
386.08 91585.16
385.08 91964.16
384.08 90578.86
383.08 91023.98
382.08 92324.06
381.08 93200.42
380.08 89972.17
379.08 93032.07
378.08 90475.22
377.08 92148.6
376.08 90031.67
375.08 91307.16
374.08 94827.16
373.08 89815.55
372.08 93974.71
371.08 92641.85
370.08 96624.78
369.08 98139.39
368.08 92184.03
367.08 90951.07
366.08 94216.26
365.08 97222.54
364.08 92906.94
363.08 94863.98
362.08 95067.08
361.08 93804.4
360.08 95156.52
359.08 91348.87
358.08 96988.28
357.08 96611.29
356.08 94593.27
355.08 96111.1
354.08 92101.84
353.08 92969.73
352.08 95758.05
351.08 93235.76
350.08 91922.9
349.08 95433.97
348.08 98420.64
347.08 98412.26
346.08 96046.92
345.08 96671.76
344.08 93283.81
343.08 95953.65
342.08 94473.85
341.08 99102.8
340.08 95201.58
339.08 96650.36
338.08 96330.44
337.08 100586.21
336.08 97945.9
335.08 98003.05
334.08 100977.6
333.08 97876.88
332.08 97934.34
331.08 96784.48
330.08 101171.86
329.08 102288.91
328.08 100469.03
327.08 101685.5
326.08 102544.02
325.08 102731.32
324.08 101008.73
323.08 102918.04
322.08 100071.12
321.08 100388.85
320.08 102812.36
319.08 101411.71
318.08 98620.32
317.08 105701.41
316.08 104227.75
315.08 100966.73
314.08 103154.86
313.08 103595.12
312.08 102744.06
311.08 102306.5
310.08 100648.49
309.08 103498.04
308.08 106163.76
307.08 102975.65
306.08 105641.92
305.08 105982.99
304.08 103456.53
303.08 108057.68
302.08 103299.37
301.08 103663.3
300.08 102841.06
299.08 108038.66
298.08 102090.4
297.08 101721.26
296.08 103947.62
295.08 105550.57
294.08 104913.79
293.08 101616.57
292.08 102670.29
291.08 103929.23
290.08 104530.6
289.08 110651.43
288.08 117037.17
287.08 120684.59
286.08 133125.98
285.08 165910.63
284.08 160736.61
283.08 118712.09
282.08 108280.24
281.08 106509.24
280.08 108965.44
279.08 112698.83
278.08 112478.73
277.08 116841.24
276.08 115777.49
275.08 118037.24
274.08 122220.92
273.08 118160.71
272.08 113086.75
271.08 111054.09
270.08 105840.6
269.08 104911.88
268.08 108602.1
267.08 103601.43
266.08 105820
265.08 104617.32
264.08 101766.4
263.08 102262.06
262.08 101156.39
261.08 103022.33
260.08 103671.88
259.08 103636.62
258.08 106832.65
257.08 105863.39
256.08 102032.87
255.08 105287.52
254.08 102643
253.08 100686.17
252.08 105168.72
251.08 103179.63
250.08 104724.26
249.08 105694.63
248.08 105976.1
247.08 105206.76
246.08 106334.54
245.08 107919.06
244.08 99193.78
243.08 103361.49
242.08 105840.91
241.08 102843.9
240.08 109763.89
239.08 105155.27
238.08 108367.99
237.08 111282
236.08 118331.92
235.08 123515.28
234.08 119657.6
233.08 128382.49
232.08 130147.63
231.08 119745.08
230.08 108975.41
229.08 108923.41
228.08 106167.38
227.08 104304.86
226.08 104314.99
225.08 102242.58
224.08 101372.36
223.08 98501.84
222.08 102234.3
221.08 97252.09
220.08 99977.82
219.08 96990.81
218.08 95084.08
217.08 95020.15
216.08 97130.34
215.08 97159.98
214.08 103019.95
213.08 105609.01
212.08 105471.16
211.08 102941.58
210.08 104282.47
209.08 104412.27
208.08 103398.55
207.08 105641.57
206.08 97565.97
205.08 99497.13
204.08 97677.91
203.08 96698.78
202.08 97863.46
201.08 99967.01
200.08 101657.99
199.08 112716.82
198.08 115674.28
197.08 122624.78
196.08 134206.29
195.08 146783
194.08 138506.29
193.08 110434.85
192.08 93104.16
191.08 81887.67
190.08 76600.46
189.08 75530.47
188.08 77167.68
187.08 79243.53
186.08 75310.72
185.08 78482.49
184.08 78369.73
183.08 75612.49
182.08 79879.52
181.08 77390.46
180.08 79856.53
179.08 79364.92
178.08 78852.27
177.08 79529.47
176.08 76074.09
175.08 78188.83
174.08 76737.06
173.08 76560.88
172.08 79167.17
171.08 80915.13
170.08 78158.72
169.08 79532.97
168.08 80526.35
167.08 80413.16
166.08 81460.58
165.08 78616.62
164.08 80166.05
163.08 78651.59
162.08 82005
161.08 80294.67
160.08 80901.52
159.08 84386.19
158.08 85871.75
157.08 82165.08
156.08 82265.38
155.08 83130.4
154.08 83642.77
153.08 83553.56
152.08 78268.94
151.08 85326.2
150.08 84849.8
149.08 88959.54
148.08 86507.19
147.08 85870.75
146.08 86738.12
145.08 89804.17
144.08 89658.38
143.08 91425.79
142.08 88507.84
141.08 89218.59
140.08 95588.55
139.08 89708.75
138.08 93265.27
137.08 99428.31
136.08 98338.02
135.08 99317.93
134.08 101342.41
133.08 102557.69
132.08 98253.67
131.08 92937.14
130.08 91472.31
129.08 91706.55
128.08 86979.16
127.08 81439.06
126.08 87516.81
125.08 82640.16
124.08 81878.93
123.08 83389.58
122.08 76655.8
121.08 82945.42
120.08 76939.27
119.08 83524.9
118.08 81072.45
117.08 83789.18
116.08 83792.21
115.08 87578.2
114.08 82724.12
113.08 83204.04
112.08 78783.26
111.08 81419.32
110.08 89652.25
109.08 104585.56
108.08 121814.78
107.08 147791.66
106.08 185362.75
105.08 230865.27
104.08 260910.69
103.08 233593.63
102.08 233712.26
101.08 222282.93
100.08 140509.19
99.08 68584.05
98.08 48535.37
97.08 40193.17
96.08 38611.89
95.08 34763.01
94.08 34955.92
93.08 35973.85
92.08 32399.64
91.08 35404.71
90.08 34140.32
89.08 34840.57
88.08 35241.95
87.08 33967.78
86.08 32561.61
85.08 33209.67
84.08 34314.9
83.08 34677.02
82.08 34461.7
81.08 33026.97
80.08 33236.81
79.08 34083.11
78.08 34463.49
77.08 33818.67
76.08 33959.89
75.08 34512.29
74.08 35905.67
73.08 38112.17
72.08 38740.69
71.08 39481.47
70.08 37852.04
69.08 34244.94
68.08 34772
67.08 34766.43
66.08 38813.25
65.08 39140.87
64.08 44941.18
63.08 52978.42
62.08 58317.71
61.08 65173.04
60.08 61104.06
59.08 42199.51
58.08 28631.78
57.08 23957.87
56.08 21134.4
55.08 19756.59
54.08 16665.58
53.08 19003.18
52.08 19729.32
51.08 19116.72
50.08 19008.44
49.08 18415.07
48.08 18121.23
47.08 20023.6
46.08 19284.73
45.08 17669.87
44.08 17978.36
43.08 18345.6
42.08 19145.25
41.08 19474.12
40.08 20221.93
39.08 19123.24
38.08 18848.8
37.08 22105.2
36.08 22110.64
35.08 25338.94
34.08 24836.04
33.08 21363.5
32.08 15594.22
31.08 12227.07
30.08 13908.8
29.08 14512.69
28.08 14051.01
27.08 13867.42
26.08 16086.47
25.08 14383.43
24.08 15129.68
23.08 16731.05
22.08 25185.89
21.08 25746.05
20.08 28240.57
19.08 29044.45
18.08 34592.58
17.08 36068.29
16.08 35448.11
15.08 20616.75
14.08 10984.11
13.08 8067.11
12.08 6102.59
11.08 6983.96
10.08 6869.43
9.08 7446.16
8.08 8546.55
7.08 12019.21
6.08 15860.48
5.08 15650.47
4.08 14218.61
3.08 14699.18
2.08 14486.58
1.08 13769.96
0.08 6024.09
-0.92 1648.81
-1.92 818.48
-2.92 492.6
-3.92 389.3
-4.92 481.13